0 0.53515625 0.1390625 0.0671875 0.21875
4 0.1484375 0.2265625 0.296875 0.453125
7 0.5078125 0.0609375 0.121875 0.121875
7 0.3296875 0.275 0.196875 0.303125
1 0.3171875 0.3734375 0.4515625 0.315625
3 0.46640625 0.3046875 0.2046875 0.609375
3 0.31484375 0.3421875 0.503125 0.4921875
0 0.29765625 0.42578125 0.071875 0.05625
7 0.6984375 0.06328125 0.1125 0.1265625
8 0.653125 0.1 0.028125 0.05
2 0.6015625 0.1546875 0.065625 0.309375
3 0.65078125 0.3046875 0.1640625 0.609375
0 0.35703125 0.85234375 0.159375 0.1203125
9 0.37109375 0.69140625 0.2203125 0.1640625
2 0.3265625 0.92109375 0.38125 0.1578125
3 0.284375 0.8046875 0.56875 0.390625
4 0.81953125 0.8046875 0.3609375 0.390625
4 0.7171875 0.871875 0.296875 0.25625