3 0.21171875 0.053125 0.4234375 0.0875
4 0.33984375 0.525 0.6796875 0.5125
4 0.44609375 0.7140625 0.4671875 0.50625
7 0.19921875 0.2890625 0.015625 0.015625
8 0.221875 0.28984375 0.0140625 0.009375
1 0.2546875 0.29453125 0.0578125 0.028125
3 0.253125 0.29375 0.125 0.040625
8 0.9796875 0.1578125 0.01875 0.025
8 0.98984375 0.228125 0.01875 0.0203125
7 0.9828125 0.25703125 0.034375 0.0234375
7 0.95546875 0.23046875 0.03125 0.0296875
7 0.9953125 0.2171875 0.009375 0.0375
7 0.94296875 0.15703125 0.03125 0.0328125
7 0.99375 0.15 0.0125 0.034375
7 0.98828125 0.1078125 0.0234375 0.034375
7 0.97109375 0.06640625 0.034375 0.0328125
7 0.99453125 0.0484375 0.0109375 0.0375
7 0.98203125 0.0078125 0.0359375 0.015625
4 0.83984375 0.634375 0.3203125 0.73125
3 0.83984375 0.6859375 0.3203125 0.215625
1 0.878125 0.628125 0.24375 0.0875
8 0.68828125 0.6203125 0.0171875 0.034375