0 0.21015625 0.03203125 0.1234375 0.0640625
7 0.03515625 0.12734375 0.0703125 0.2546875
1 0.0953125 0.1703125 0.190625 0.278125
1 0.353125 0.1546875 0.453125 0.309375
1 0.50390625 0.1546875 0.1515625 0.309375
3 0.48671875 0.1546875 0.1859375 0.309375
3 0.29296875 0.1546875 0.5734375 0.309375
3 0.10703125 0.1546875 0.2140625 0.309375
3 0.62578125 0.1546875 0.0921875 0.309375
5 0.54609375 0.38671875 0.009375 0.025
5 0.46796875 0.384375 0.009375 0.025
5 0.41171875 0.3875 0.009375 0.025
5 0.39375 0.44140625 0.0203125 0.05
5 0.35859375 0.39453125 0.0109375 0.03125
5 0.32890625 0.4203125 0.0171875 0.0421875
5 0.325 0.40390625 0.0125 0.0359375
5 0.53125 0.46171875 0.0234375 0.059375
5 0.46328125 0.5109375 0.0359375 0.0859375
5 0.2359375 0.4625 0.028125 0.0703125
5 0.1765625 0.4265625 0.01875 0.0484375
5 0.2046875 0.40390625 0.0140625 0.040625
5 0.27109375 0.3875 0.0125 0.03125
5 0.3515625 0.38046875 0.009375 0.025
5 0.42890625 0.37734375 0.0078125 0.0234375
5 0.53125 0.378125 0.009375 0.0234375
5 0.27578125 0.9421875 0.0609375 0.115625
5 0.7953125 0.61875 0.0375 0.053125
6 0.86875 0.6546875 0.2625 0.690625