4 0.37265625 0.209375 0.1140625 0.41875
8 0.234375 0.07734375 0.0203125 0.046875
7 0.23046875 0.01796875 0.0671875 0.0359375
1 0.19453125 0.225 0.1578125 0.271875
3 0.21953125 0.21953125 0.2203125 0.4390625
4 0.18203125 0.709375 0.3640625 0.540625
4 0.09765625 0.646875 0.1953125 0.415625
4 0.32265625 0.49609375 0.153125 0.0984375
7 0.00390625 0.63046875 0.0078125 0.0109375
8 0.0015625 0.6453125 0.003125 0.009375
2 0.0046875 0.6609375 0.009375 0.03125
3 0.01328125 0.665625 0.0265625 0.08125
1 0.53984375 0.52421875 0.2203125 0.1703125
3 0.56171875 0.71953125 0.2640625 0.5609375