3 0.053125 0.21171875 0.0875 0.4234375
4 0.525 0.33984375 0.5125 0.6796875
4 0.7140625 0.44609375 0.50625 0.4671875
7 0.2890625 0.19921875 0.015625 0.015625
8 0.28984375 0.221875 0.009375 0.0140625
1 0.29453125 0.2546875 0.028125 0.0578125
3 0.29375 0.253125 0.040625 0.125
8 0.1578125 0.9796875 0.025 0.01875
8 0.228125 0.98984375 0.0203125 0.01875
7 0.25703125 0.9828125 0.0234375 0.034375
7 0.23046875 0.95546875 0.0296875 0.03125
7 0.2171875 0.9953125 0.0375 0.009375
7 0.15703125 0.94296875 0.0328125 0.03125
7 0.15 0.99375 0.034375 0.0125
7 0.1078125 0.98828125 0.034375 0.0234375
7 0.06640625 0.97109375 0.0328125 0.034375
7 0.0484375 0.99453125 0.0375 0.0109375
7 0.0078125 0.98203125 0.015625 0.0359375
4 0.634375 0.83984375 0.73125 0.3203125
3 0.6859375 0.83984375 0.215625 0.3203125
1 0.628125 0.878125 0.0875 0.24375
8 0.6203125 0.68828125 0.034375 0.0171875