0 0.8609375 0.53515625 0.21875 0.0671875
4 0.7734375 0.1484375 0.453125 0.296875
7 0.9390625 0.5078125 0.121875 0.121875
7 0.725 0.3296875 0.303125 0.196875
1 0.6265625 0.3171875 0.315625 0.4515625
3 0.6953125 0.46640625 0.609375 0.2046875
3 0.6578125 0.31484375 0.4921875 0.503125
0 0.57421875 0.29765625 0.05625 0.071875
7 0.93671875 0.6984375 0.1265625 0.1125
8 0.9 0.653125 0.05 0.028125
2 0.8453125 0.6015625 0.309375 0.065625
3 0.6953125 0.65078125 0.609375 0.1640625
0 0.14765625 0.35703125 0.1203125 0.159375
9 0.30859375 0.37109375 0.1640625 0.2203125
2 0.07890625 0.3265625 0.1578125 0.38125
3 0.1953125 0.284375 0.390625 0.56875
4 0.1953125 0.81953125 0.390625 0.3609375
4 0.128125 0.7171875 0.25625 0.296875