4 0.790625 0.62734375 0.41875 0.1140625
8 0.92265625 0.765625 0.046875 0.0203125
7 0.98203125 0.76953125 0.0359375 0.0671875
1 0.775 0.80546875 0.271875 0.1578125
3 0.78046875 0.78046875 0.4390625 0.2203125
4 0.290625 0.81796875 0.540625 0.3640625
4 0.353125 0.90234375 0.415625 0.1953125
4 0.50390625 0.67734375 0.0984375 0.153125
7 0.36953125 0.99609375 0.0109375 0.0078125
8 0.3546875 0.9984375 0.009375 0.003125
2 0.3390625 0.9953125 0.03125 0.009375
3 0.334375 0.98671875 0.08125 0.0265625
1 0.47578125 0.46015625 0.1703125 0.2203125
3 0.28046875 0.43828125 0.5609375 0.2640625